urn:ogc:def:parameter:x-istsos:1.0:time:iso8601,urn:ogc:def:parameter:x-istsos:1.0:meteo:temp:out,urn:ogc:def:parameter:x-istsos:1.0:meteo:hi:temp,urn:ogc:def:parameter:x-istsos:1.0:meteo:low:temp,urn:ogc:def:parameter:x-istsos:1.0:meteo:out:hum,urn:ogc:def:parameter:x-istsos:1.0:meteo:dew:pt,urn:ogc:def:parameter:x-istsos:1.0:meteo:wind:speed,urn:ogc:def:parameter:x-istsos:1.0:meteo:wind:dir,urn:ogc:def:parameter:x-istsos:1.0:meteo:wind:run,urn:ogc:def:parameter:x-istsos:1.0:meteo:hi:speed,urn:ogc:def:parameter:x-istsos:1.0:meteo:hi:dir,urn:ogc:def:parameter:x-istsos:1.0:meteo:wind:chill,urn:ogc:def:parameter:x-istsos:1.0:meteo:heat:index,urn:ogc:def:parameter:x-istsos:1.0:meteo:thw:index,urn:ogc:def:parameter:x-istsos:1.0:meteo:bar,urn:ogc:def:parameter:x-istsos:1.0:meteo:rain,urn:ogc:def:parameter:x-istsos:1.0:meteo:rain:rate,urn:ogc:def:parameter:x-istsos:1.0:meteo:solar:rad,urn:ogc:def:parameter:x-istsos:1.0:meteo:hi:solar:rad,urn:ogc:def:parameter:x-istsos:1.0:meteo:uv:index,urn:ogc:def:parameter:x-istsos:1.0:meteo:hi:uv,urn:ogc:def:parameter:x-istsos:1.0:meteo:heat:d-d,urn:ogc:def:parameter:x-istsos:1.0:meteo:cool:d-d,urn:ogc:def:parameter:x-istsos:1.0:meteo:in:temp,urn:ogc:def:parameter:x-istsos:1.0:meteo:in:hum,urn:ogc:def:parameter:x-istsos:1.0:meteo:in:dew,urn:ogc:def:parameter:x-istsos:1.0:meteo:in:heat,urn:ogc:def:parameter:x-istsos:1.0:meteo:et,urn:ogc:def:parameter:x-istsos:1.0:meteo:in:air:density,urn:ogc:def:parameter:x-istsos:1.0:meteo:soil:moist1,urn:ogc:def:parameter:x-istsos:1.0:meteo:soil:moist2,urn:ogc:def:parameter:x-istsos:1.0:meteo:soil:moist3,urn:ogc:def:parameter:x-istsos:1.0:meteo:soil:moist4,urn:ogc:def:parameter:x-istsos:1.0:meteo:road:temp,urn:ogc:def:parameter:x-istsos:1.0:meteo:soil:temp2,urn:ogc:def:parameter:x-istsos:1.0:meteo:soil:temp3,urn:ogc:def:parameter:x-istsos:1.0:meteo:soil:temp4,urn:ogc:def:parameter:x-istsos:1.0:meteo:wind:samp,urn:ogc:def:parameter:x-istsos:1.0:meteo:wind:tx,urn:ogc:def:parameter:x-istsos:1.0:meteo:iss:recept,urn:ogc:def:parameter:x-istsos:1.0:meteo:arc:int
2022-02-17T10:20:00.000000+0000,11.5,11.6,11.3,79,8.0,1.6,12,0.27,4.8,11,11.5,11.5,10.9,1013.6,0.0,0.0,-999.9,-999.9,-999.9,-999.9,0.047,0.000,9.9,71,4.9,9.9,0.00,1.2372,-999.9,-999.9,-999.9,-999.9,12.8,-999.9,-999.9,-999.9,229,1,97.8,10
2022-02-17T10:30:00.000000+0000,11.8,11.8,11.4,73,7.1,1.6,9,0.27,4.8,9,11.8,11.8,11.2,1013.4,0.0,0.0,-999.9,-999.9,-999.9,-999.9,0.045,0.000,10.1,71,5.1,10.1,0.00,1.2365,-999.9,-999.9,-999.9,-999.9,12.8,-999.9,-999.9,-999.9,229,1,97.8,10
2022-02-17T10:40:00.000000+0000,12.1,12.1,11.8,76,8.0,3.2,10,0.53,4.8,9,12.1,12.1,10.9,1013.2,0.0,0.0,-999.9,-999.9,-999.9,-999.9,0.043,0.000,10.2,71,5.2,10.2,0.00,1.2358,-999.9,-999.9,-999.9,-999.9,-999.9,-999.9,-999.9,-999.9,232,1,99.0,10
2022-02-17T10:50:00.000000+0000,12.4,12.4,12.1,74,7.9,3.2,9,0.53,6.4,9,12.4,12.4,11.3,1013.2,0.0,0.0,-999.9,-999.9,-999.9,-999.9,0.041,0.000,10.4,71,5.4,10.4,0.00,1.2347,-999.9,-999.9,-999.9,-999.9,-999.9,-999.9,-999.9,-999.9,232,1,99.1,10
2022-02-17T11:00:00.000000+0000,12.5,12.6,12.5,76,8.4,3.2,9,0.53,8.0,9,12.5,12.5,11.3,1013.1,0.0,0.0,-999.9,-999.9,-999.9,-999.9,0.041,0.000,10.6,71,5.6,10.6,0.00,1.2332,-999.9,-999.9,-999.9,-999.9,-999.9,-999.9,-999.9,-999.9,232,1,99.1,10
2022-02-17T11:10:00.000000+0000,12.7,12.7,12.5,69,7.2,4.8,11,0.80,9.7,11,12.7,12.7,10.9,1013.3,0.0,0.0,-999.9,-999.9,-999.9,-999.9,0.039,0.000,10.8,71,5.7,10.8,0.00,1.2324,-999.9,-999.9,-999.9,-999.9,-999.9,-999.9,-999.9,-999.9,233,1,99.5,10
2022-02-17T11:20:00.000000+0000,12.7,12.8,12.6,71,7.6,4.8,11,0.80,9.7,12,12.7,12.7,10.9,1013.2,0.0,0.0,-999.9,-999.9,-999.9,-999.9,0.039,0.000,10.9,71,5.8,10.9,0.00,1.2316,-999.9,-999.9,-999.9,-999.9,-999.9,-999.9,-999.9,-999.9,230,1,98.2,10
2022-02-17T11:30:00.000000+0000,12.8,12.9,12.7,72,7.9,4.8,11,0.80,9.7,12,12.8,12.8,11.0,1013.5,0.0,0.0,-999.9,-999.9,-999.9,-999.9,0.038,0.000,11.2,71,6.1,11.2,0.00,1.2307,-999.9,-999.9,-999.9,-999.9,-999.9,-999.9,-999.9,-999.9,231,1,98.7,10
2022-02-17T11:40:00.000000+0000,12.9,13.1,12.8,70,7.6,4.8,11,0.80,11.3,11,12.9,12.9,11.2,1013.5,0.0,0.0,-999.9,-999.9,-999.9,-999.9,0.038,0.000,11.4,71,6.3,11.4,0.00,1.2300,-999.9,-999.9,-999.9,-999.9,-999.9,-999.9,-999.9,-999.9,231,1,98.7,10
2022-02-17T11:50:00.000000+0000,13.4,13.4,12.9,67,7.4,4.8,12,0.80,11.3,12,13.4,13.4,11.6,1013.6,0.0,0.0,-999.9,-999.9,-999.9,-999.9,0.034,0.000,11.6,71,6.5,11.6,0.00,1.2284,-999.9,-999.9,-999.9,-999.9,-999.9,-999.9,-999.9,-999.9,233,1,99.5,10
2022-02-17T12:00:00.000000+0000,13.8,13.8,13.3,70,8.4,4.8,11,0.80,11.3,11,13.8,13.8,12.0,1013.7,0.0,0.0,-999.9,-999.9,-999.9,-999.9,0.031,0.000,11.9,71,6.8,11.9,0.00,1.2273,-999.9,-999.9,-999.9,-999.9,-999.9,-999.9,-999.9,-999.9,231,1,98.7,10
2022-02-17T12:10:00.000000+0000,14.0,14.1,13.8,68,8.2,6.4,12,1.07,11.3,13,14.0,14.0,11.6,1013.5,0.0,0.0,-999.9,-999.9,-999.9,-999.9,0.030,0.000,12.1,71,7.0,12.1,0.00,1.2264,-999.9,-999.9,-999.9,-999.9,-999.9,-999.9,-999.9,-999.9,233,1,99.5,10
2022-02-17T12:20:00.000000+0000,13.7,14.0,13.7,65,7.2,6.4,12,1.07,12.9,12,13.7,13.7,11.3,1013.6,0.0,0.0,-999.9,-999.9,-999.9,-999.9,0.032,0.000,12.3,71,7.2,12.3,0.00,1.2255,-999.9,-999.9,-999.9,-999.9,-999.9,-999.9,-999.9,-999.9,232,1,99.1,10
2022-02-17T12:30:00.000000+0000,14.3,14.3,13.8,66,8.0,4.8,12,0.80,11.3,13,14.3,14.3,12.5,1013.6,0.0,0.0,-999.9,-999.9,-999.9,-999.9,0.028,0.000,12.5,71,7.4,12.5,0.00,1.2238,-999.9,-999.9,-999.9,-999.9,-999.9,-999.9,-999.9,-999.9,233,1,99.5,10
2022-02-17T12:40:00.000000+0000,14.7,14.7,14.3,66,8.4,6.4,12,1.07,16.1,11,14.7,14.7,12.3,1013.5,0.0,0.0,-999.9,-999.9,-999.9,-999.9,0.025,0.000,12.7,70,7.4,12.7,0.00,1.2229,-999.9,-999.9,-999.9,-999.9,-999.9,-999.9,-999.9,-999.9,230,1,98.2,10
2022-02-17T12:50:00.000000+0000,14.4,14.7,14.4,61,7.0,6.4,12,1.07,12.9,12,14.4,14.4,12.0,1013.4,0.0,0.0,-999.9,-999.9,-999.9,-999.9,0.027,0.000,13.0,70,7.7,13.0,0.00,1.2216,-999.9,-999.9,-999.9,-999.9,-999.9,-999.9,-999.9,-999.9,231,1,98.7,10
2022-02-17T13:00:00.000000+0000,14.2,14.4,14.2,70,8.8,6.4,11,1.07,14.5,8,14.2,14.2,11.8,1013.3,0.0,0.0,-999.9,-999.9,-999.9,-999.9,0.029,0.000,13.2,70,7.8,13.2,0.00,1.2207,-999.9,-999.9,-999.9,-999.9,-999.9,-999.9,-999.9,-999.9,232,1,99.1,10
2022-02-17T13:10:00.000000+0000,14.0,14.2,14.0,70,8.6,6.4,10,1.07,11.3,9,14.0,14.0,11.6,1013.3,0.0,0.0,-999.9,-999.9,-999.9,-999.9,0.030,0.000,13.3,70,7.9,13.3,0.00,1.2200,-999.9,-999.9,-999.9,-999.9,-999.9,-999.9,-999.9,-999.9,232,1,99.1,10
2022-02-17T13:20:00.000000+0000,13.4,14.0,13.4,75,9.1,8.0,10,1.33,14.5,11,13.1,13.4,10.5,1013.3,0.0,0.0,-999.9,-999.9,-999.9,-999.9,0.034,0.000,13.4,70,8.0,13.4,0.00,1.2195,-999.9,-999.9,-999.9,-999.9,-999.9,-999.9,-999.9,-999.9,232,1,99.1,10
2022-02-17T13:30:00.000000+0000,13.1,13.4,12.9,76,9.0,8.0,11,1.33,12.9,11,12.6,13.1,10.1,1013.2,0.0,0.0,-999.9,-999.9,-999.9,-999.9,0.036,0.000,13.6,70,8.2,13.6,0.00,1.2181,-999.9,-999.9,-999.9,-999.9,-999.9,-999.9,-999.9,-999.9,233,1,99.5,10
2022-02-17T13:40:00.000000+0000,13.2,13.3,13.0,72,8.3,8.0,10,1.33,14.5,11,12.8,13.2,10.2,1013.2,0.0,0.0,-999.9,-999.9,-999.9,-999.9,0.036,0.000,13.6,70,8.2,13.6,0.00,1.2181,-999.9,-999.9,-999.9,-999.9,22.8,-999.9,-999.9,-999.9,231,1,98.7,10
2022-02-17T13:50:00.000000+0000,13.4,13.5,13.2,70,8.0,6.4,10,1.07,12.9,11,13.3,13.4,11.0,1013.1,0.0,0.0,-999.9,-999.9,-999.9,-999.9,0.034,0.000,13.6,70,8.2,13.6,0.00,1.2178,-999.9,-999.9,-999.9,-999.9,23.3,-999.9,-999.9,-999.9,232,1,99.1,10
2022-02-17T14:00:00.000000+0000,13.7,13.8,13.3,69,8.1,6.4,10,1.07,16.1,10,13.7,13.7,11.3,1013.0,0.0,0.0,-999.9,-999.9,-999.9,-999.9,0.032,0.000,13.7,70,8.3,13.7,0.00,1.2171,-999.9,-999.9,-999.9,-999.9,23.3,-999.9,-999.9,-999.9,234,1,99.9,10
2022-02-17T14:10:00.000000+0000,14.0,14.0,13.7,68,8.2,6.4,10,1.07,11.3,9,14.0,14.0,11.6,1012.7,0.0,0.0,-999.9,-999.9,-999.9,-999.9,0.030,0.000,13.8,70,8.4,13.8,0.00,1.2166,-999.9,-999.9,-999.9,-999.9,23.3,-999.9,-999.9,-999.9,233,1,99.5,10
2022-02-17T14:20:00.000000+0000,14.1,14.2,14.0,66,7.8,6.4,11,1.07,14.5,12,14.1,14.1,11.7,1012.7,0.0,0.0,-999.9,-999.9,-999.9,-999.9,0.029,0.000,13.9,70,8.5,13.9,0.00,1.2160,-999.9,-999.9,-999.9,-999.9,23.9,-999.9,-999.9,-999.9,233,1,99.5,10
