                  Temp     Hi    Low   Out    Dew  Wind  Wind   Wind    Hi    Hi   Wind   Heat    THW   THSW                Rain  Solar   Solar  Hi Solar   UV    UV    Hi     Heat    Cool    In     In    In     In     In   In Air          Soil 1  Soil 2  Soil 3  Soil 4   Soil    Soil    Soil    Soil    Leaf  Wind  Wind    ISS   Arc.
  Date    Time     Out   Temp   Temp   Hum    Pt. Speed   Dir    Run Speed   Dir  Chill  Index  Index  Index   Bar    Rain  Rate   Rad.  Energy     Rad.  Index  Dose   UV     D-D     D-D    Temp   Hum    Dew   Heat    EMC Density     ET   Moist.  Moist.  Moist.  Moist.  Temp 1  Temp 2  Temp 3  Temp 4  Wet 1  Samp   Tx   Recept  Int.
-----------------------------------------------------------------------------------------------------------------------------------------------------------------------------------------------------------------------------------------------------------------------------------------------------------------------------------------------
18/02/22   0:10    9.7    9.7    9.6    93    8.6   0.0   ---   0.00   0.0   ---    9.7    9.9    9.9    8.1  1013.4  0.00   0.0     0     0.00      0     0.0  0.00   0.0   0.060   0.000   19.2    53    9.4   18.6   9.92 1.1941     0.00     12      13      26      11    11.1    10.6    11.1    12.2     15    226    1     99.1   10 
18/02/22   0:20    9.6    9.6    9.4    93    8.5   0.0   ---   0.00   0.0   ---    9.6    9.8    9.8    8.0  1013.2  0.00   0.0     0     0.00      0     0.0  0.00   0.0   0.061   0.000   19.2    53    9.4   18.5   9.92 1.1942     0.00     12      13      26      11    11.1    10.6    11.1    12.2     15    229    1    100.0   10 
18/02/22   0:30    9.4    9.5    9.3    93    8.4   0.0   ---   0.00   0.0   ---    9.4    9.7    9.7    7.9  1013.1  0.00   0.0     0     0.00      0     0.0  0.00   0.0   0.062   0.000   19.2    53    9.4   18.5   9.92 1.1940     0.00     12      13      26      11    11.1    10.6    11.1    12.2     15    233    1    100.0   10 
18/02/22   0:40    9.3    9.4    9.3    93    8.3   0.0   ---   0.00   0.0   ---    9.3    9.6    9.6    7.7  1013.1  0.00   0.0     0     0.00      0     0.0  0.00   0.0   0.063   0.000   19.1    53    9.3   18.4   9.92 1.1943     0.00     12      13      26      11    11.1    10.6    11.1    12.2     15    235    1    100.0   10 
18/02/22   0:50    9.3    9.5    9.3    94    8.4   0.0   ---   0.00   0.0   ---    9.3    9.6    9.6    7.8  1013.0  0.00   0.0     0     0.00      0     0.0  0.00   0.0   0.063   0.000   19.1    53    9.3   18.4   9.92 1.1942     0.00     12      13      26      11    11.1    10.6    11.1    12.2     15    232    1    100.0   10 
18/02/22   1:00    9.6    9.8    9.4    94    8.6   0.0   WNW   0.00   4.8   WNW    9.6    9.8    9.8    8.1  1013.1  0.00   0.0     0     0.00      0     0.0  0.00   0.0   0.061   0.000   19.1    53    9.3   18.4   9.92 1.1945     0.00     12      13      26      11    11.1    10.6    11.1    12.2     15    234    1    100.0   10 
18/02/22   1:10    9.9    9.9    9.8    93    8.8   0.0   ---   0.00   0.0   ---    9.9   10.1   10.1    8.3  1013.3  0.00   0.0     0     0.00      0     0.0  0.00   0.0   0.059   0.000   19.1    53    9.3   18.4   9.92 1.1948     0.00     12      13      26      11    11.1    10.6    11.1    12.2     15    230    1    100.0   10 
18/02/22   1:20    9.9   10.0    9.9    93    8.9   0.0   ---   0.00   0.0   ---    9.9   10.2   10.2    8.4  1013.3  0.00   0.0     0     0.00      0     0.0  0.00   0.0   0.058   0.000   19.0    53    9.2   18.3   9.93 1.1950     0.00     12      13      26      11    11.1    10.6    11.1    12.2     15    233    1    100.0   10 
18/02/22   1:30    9.9    9.9    9.7    93    8.8   0.0   ---   0.00   0.0   ---    9.9   10.1   10.1    8.3  1013.3  0.00   0.0     0     0.00      0     0.0  0.00   0.0   0.059   0.000   19.0    53    9.2   18.3   9.93 1.1951     0.00     12      13      26      11    11.1    10.6    11.1    12.2     15    234    1    100.0   10 
18/02/22   1:40    9.7    9.7    9.6    93    8.6   0.0   ---   0.00   0.0   ---    9.7    9.9    9.9    8.1  1013.3  0.00   0.0     0     0.00      0     0.0  0.00   0.0   0.060   0.000   19.0    53    9.2   18.3   9.93 1.1951     0.00     12      13      26      11    11.1    10.6    11.1    12.2     15    233    1    100.0   10 
18/02/22   1:50    9.5    9.6    9.3    93    8.4   0.0   ---   0.00   0.0   ---    9.5    9.7    9.7    7.9  1013.1  0.00   0.0     0     0.00      0     0.0  0.00   0.0   0.061   0.000   19.0    53    9.2   18.3   9.93 1.1949     0.00     12      13      26      11    11.1    10.6    11.1    12.2     15    233    1    100.0   10 
18/02/22   2:00    9.3    9.4    9.3    93    8.3   0.0   ---   0.00   0.0   ---    9.3    9.6    9.6    7.7  1013.0  0.00   0.0     0     0.00      0     0.0  0.00   0.0   0.063   0.000   18.9    53    9.1   18.2   9.93 1.1950     0.00     12      13      26      11    11.1    10.6    11.1    12.2     15    232    1    100.0   10 
18/02/22   2:10    9.3    9.3    9.2    93    8.2   0.0   ---   0.00   0.0   ---    9.3    9.5    9.5    7.7  1013.0  0.00   0.0     0     0.00      0     0.0  0.00   0.0   0.063   0.000   18.9    53    9.1   18.2   9.93 1.1950     0.00     12      13      26      11    11.1    10.6    11.1    12.2     15    231    1    100.0   10 
18/02/22   2:20    9.2    9.3    9.2    93    8.1   0.0   ---   0.00   0.0   ---    9.2    9.4    9.4    7.6  1012.9  0.00   0.0     0     0.00      0     0.0  0.00   0.0   0.063   0.000   18.9    53    9.1   18.2   9.93 1.1951     0.00     12      13      26      11    11.1    10.6    11.1    12.2     15    233    1    100.0   10 
18/02/22   2:30    9.3    9.4    9.2    93    8.2   0.0   ---   0.00   0.0   ---    9.3    9.5    9.5    7.7  1013.0  0.00   0.0     0     0.00      0     0.0  0.00   0.0   0.063   0.000   18.9    53    9.1   18.2   9.93 1.1952     0.00     12      13      26      11    11.1    10.6    11.1    12.2     15    232    1    100.0   10 
18/02/22   2:40    9.2    9.3    9.2    93    8.1   0.0   ---   0.00   0.0   ---    9.2    9.4    9.4    7.6  1012.6  0.00   0.0     0     0.00      0     0.0  0.00   0.0   0.064   0.000   18.8    53    9.0   18.1   9.93 1.1950     0.00     12      13      26      11    11.1    10.6    11.1    12.2     15    234    1    100.0   10 
18/02/22   2:50    9.1    9.2    9.1    93    8.0   0.0   ---   0.00   0.0   ---    9.1    9.3    9.3    7.5  1012.3  0.00   0.0     0     0.00      0     0.0  0.00   0.0   0.064   0.000   18.8    53    9.0   18.1   9.93 1.1947     0.00     12      13      26      11    11.1    10.6    11.1    12.2     15    233    1    100.0   10 
18/02/22   3:00    8.9    9.1    8.9    93    7.9   0.0   ---   0.00   0.0   ---    8.9    9.1    9.1    7.3  1012.2  0.00   0.0     0     0.00      0     0.0  0.00   0.0   0.065   0.000   18.8    53    9.0   18.1   9.93 1.1948     0.00     12      13      26      11    11.1    10.6    11.1    12.2     15    234    1    100.0   10 
18/02/22   3:10    8.9    9.0    8.9    94    8.0   0.0   ---   0.00   0.0   ---    8.9    9.2    9.2    7.3  1012.4  0.00   0.0     0     0.00      0     0.0  0.00   0.0   0.065   0.000   18.7    53    8.9   18.0   9.94 1.1953     0.00     12      13      26      11    11.1    10.6    11.1    12.2     15    234    1    100.0   10 
18/02/22   3:20    8.9    9.0    8.9    94    8.0   0.0   ---   0.00   0.0   ---    8.9    9.1    9.1    7.3  1012.6  0.00   0.0     0     0.00      0     0.0  0.00   0.0   0.066   0.000   18.7    54    9.2   18.1  10.12 1.1953     0.00     12      13      26      11    11.1    10.6    11.1    12.2     15    234    1    100.0   10 
18/02/22   3:30    8.9    9.0    8.8    93    7.9   0.0   ---   0.00   0.0   ---    8.9    9.1    9.1    7.3  1012.6  0.00   0.0     0     0.00      0     0.0  0.00   0.0   0.065   0.000   18.7    54    9.2   18.0  10.13 1.1956     0.00     12      13      26      11    11.1    10.6    11.1    12.2     15    234    1    100.0   10 
18/02/22   3:40    8.8    8.9    8.8    94    7.9   0.0   ---   0.00   0.0   ---    8.8    9.1    9.1    7.2  1012.6  0.00   0.0     0     0.00      0     0.0  0.00   0.0   0.066   0.000   18.7    54    9.2   18.0  10.13 1.1956     0.00     12      13      26      11    11.1    10.6    11.1    12.2     15    234    1    100.0   10 
18/02/22   3:50    8.8    8.9    8.7    94    7.9   0.0   ---   0.00   0.0   ---    8.8    9.1    9.1    7.2  1012.5  0.00   0.0     0     0.00      0     0.0  0.00   0.0   0.066   0.000   18.7    54    9.2   18.0  10.13 1.1955     0.00     12      13      26      11    11.1    10.6    11.1    12.2     15    232    1    100.0   10 
18/02/22   4:00    8.9    9.0    8.8    94    8.0   0.0   ---   0.00   0.0   ---    8.9    9.1    9.1    7.3  1012.4  0.00   0.0     0     0.00      0     0.0  0.00   0.0   0.066   0.000   18.6    54    9.1   17.9  10.13 1.1957     0.00     12      13      26      11    10.6    10.6    11.1    12.2     15    235    1    100.0   10 
18/02/22   4:10    8.9    8.9    8.7    94    8.0   0.0   ---   0.00   0.0   ---    8.9    9.1    9.1    7.3  1012.7  0.00   0.0     0     0.00      0     0.0  0.00   0.0   0.066   0.000   18.6    54    9.1   17.8  10.13 1.1962     0.00     12      13      26      11    10.6    10.6    11.1    12.2     15    233    1    100.0   10 
18/02/22   4:20    8.8    8.9    8.7    94    7.9   0.0   ---   0.00   0.0   ---    8.8    9.1    9.1    7.2  1012.6  0.00   0.0     0     0.00      0     0.0  0.00   0.0   0.066   0.000   18.6    54    9.1   17.8  10.13 1.1962     0.00     12      13      26      11    10.6    10.6    11.1    12.2     15    233    1    100.0   10 
18/02/22   4:30    8.8    8.8    8.7    94    7.9   0.0   ---   0.00   0.0   ---    8.8    8.9    8.9    7.1  1012.5  0.00   0.0     0     0.00      0     0.0  0.00   0.0   0.066   0.000   18.6    54    9.1   17.8  10.13 1.1960     0.00     12      13      26      11    10.6    10.6    11.1    12.2     15    233    1    100.0   10 
18/02/22   4:40    8.8    8.9    8.7    94    7.9   0.0   ---   0.00   0.0   ---    8.8    8.9    8.9    7.1  1012.5  0.00   0.0     0     0.00      0     0.0  0.00   0.0   0.066   0.000   18.5    54    9.0   17.8  10.14 1.1963     0.00     12      13      26      11    10.6    10.6    11.1    12.2     15    232    1    100.0   10 
