                  Temp     Hi    Low   Out    Dew  Wind  Wind   Wind    Hi    Hi   Wind   Heat    THW                Rain  Solar  Hi Solar    UV     Hi    Heat    Cool     In    In    In      In         In Air  Wind  Wind    ISS   Arc.  
    Date   Time    Out   Temp   Temp   Hum    Pt. Speed   Dir    Run Speed   Dir  Chill  Index  Index    Bar   Rain  Rate   Rad.     Rad.   Index    UV     D-D     D-D   Temp   Hum    Dew   Heat   ET   Density  Samp   Tx   Recept  Int.  
--------------------------------------------------------------------------------------------------------------------------------------------------------------------------------------------------------------------------------------------
17/02/22  10:20    9.6    9.6    9.4    87    7.5   1.6   WNW   0.27   4.8   WNW    9.6    9.6    9.0  1013.9   0.0   0.0    140     169     ---    ---   0.061   0.000   19.8    60   11.8   19.8  0.00   1.1897   227    0    94.6    10
17/02/22  10:30    9.6    9.7    9.6    87    7.5   4.8   WNW   0.80   8.0     W    9.3    9.6    7.8  1013.8   0.0   0.0    210     230     ---    ---   0.061   0.000   19.8    60   11.8   19.8  0.00   1.1896   226    0    94.2    10
17/02/22  10:40    9.6    9.6    9.5    88    7.7   4.8   WSW   0.80   8.0   WNW    9.3    9.6    7.8  1013.8   0.0   0.0    177     223     ---    ---   0.061   0.000   19.8    58   11.3   19.8  0.00   1.1902   226    0    94.2    10
17/02/22  10:50    9.3    9.6    9.3    88    7.4   4.8    SW   0.80   9.7    SW    9.0    9.3    7.5  1013.9   0.0   0.0    109     121     ---    ---   0.063   0.000   19.8    58   11.3   19.8  0.00   1.1902   228    0    95.0    10
17/02/22  11:00    9.4    9.4    9.3    90    7.8   4.8   SSW   0.80  11.3   SSW    9.1    9.4    7.6  1013.9   0.0   0.0     91     105     ---    ---   0.062   0.000   19.8    60   11.8   19.8  0.08   1.1897   226    0    94.2    10
17/02/22  11:10    9.4    9.4    9.4    90    7.8   3.2     S   0.53   8.0     S    9.4    9.4    8.2  1014.1   0.0   0.0     76      83     ---    ---   0.062   0.000   19.8    59   11.6   19.8  0.00   1.1902   228    0    95.0    10
17/02/22  11:20    9.2    9.4    9.2    91    7.8   6.4     S   1.07   9.7     S    8.5    9.2    6.8  1014.2   0.0   0.0    124     156     ---    ---   0.063   0.000   19.8    59   11.6   19.8  0.00   1.1903   227    0    94.6    10
17/02/22  11:30    9.4    9.4    9.2    91    8.0   4.8     S   0.80  11.3     S    9.1    9.4    7.6  1014.1   0.0   0.0    173     250     ---    ---   0.062   0.000   19.8    59   11.6   19.8  0.00   1.1902   226    0    94.2    10
17/02/22  11:40    9.7    9.7    9.3    89    8.0   6.4    SE   1.07  11.3    SE    9.0    9.7    7.3  1014.0   0.0   0.0    249     278     ---    ---   0.060   0.000   19.8    60   11.8   19.8  0.00   1.1899   227    0    94.6    10
17/02/22  11:50    9.7    9.7    9.6    88    7.8   4.8    SE   0.80   8.0     S    9.4    9.7    7.9  1013.9   0.0   0.0    163     197     ---    ---   0.060   0.000   19.8    60   11.8   19.8  0.00   1.1897   227    0    94.6    10
17/02/22  12:00    9.6    9.7    9.4    89    7.9   3.2   SSE   0.53   8.0   SSE    9.6    9.6    8.4  1013.9   0.0   0.0    100     109     ---    ---   0.061   0.000   19.8    60   11.8   19.8  0.08   1.1897   228    0    95.0    10
17/02/22  12:10    9.3    9.6    9.3    90    7.7   4.8    SE   0.80   8.0   SSE    9.0    9.3    7.5  1013.9   0.2   0.0     93     100     ---    ---   0.063   0.000   19.8    60   11.8   19.8  0.00   1.1897   226    0    94.2    10
17/02/22  12:20    9.1    9.3    9.1    92    7.9   4.8   ESE   0.80   8.0    SE    8.8    9.1    7.3  1013.7   0.0   0.0    113     134     ---    ---   0.064   0.000   19.9    60   11.9   19.9  0.00   1.1890   228    0    95.0    10
17/02/22  12:30    9.3    9.3    9.1    94    8.4   4.8   ESE   0.80   8.0     E    9.1    9.3    7.5  1013.5   0.0   0.0    179     220     ---    ---   0.063   0.000   19.9    59   11.6   19.9  0.00   1.1890   226    0    94.2    10
17/02/22  12:40    9.2    9.3    9.2    93    8.1   3.2     S   0.53   8.0     E    9.2    9.2    8.0  1013.5   0.2   0.0    158     195     ---    ---   0.063   0.000   19.9    59   11.6   19.9  0.00   1.1890   227    0    94.6    10
17/02/22  12:50    9.1    9.2    9.1    94    8.2   6.4     S   1.07  12.9     S    8.3    9.1    6.7  1013.4   0.4   2.4    242     448     ---    ---   0.064   0.000   19.8    60   11.8   19.8  0.00   1.1890   226    0    94.2    10
17/02/22  13:00    9.1    9.3    9.0    94    8.2   3.2     S   0.53   6.4     S    9.1    9.1    7.9  1013.3   0.0   1.0    401     522     ---    ---   0.064   0.000   19.9    61   12.2   19.9  0.10   1.1883   228    0    95.0    10
17/02/22  13:10    9.5    9.5    9.2    93    8.4   3.2   SSW   0.53   8.0     S    9.5    9.5    8.3  1013.2   0.0   0.0    357     443     ---    ---   0.061   0.000   19.9    59   11.6   19.9  0.00   1.1886   228    0    95.0    10
17/02/22  13:20   10.2   10.2    9.5    92    9.0   3.2   WNW   0.53   6.4    NW   10.2   10.2    9.0  1013.0   0.0   0.0    502     744     ---    ---   0.056   0.000   19.9    60   11.9   19.9  0.00   1.1882   227    0    94.6    10
17/02/22  13:30    9.8   10.3    9.8    90    8.2   1.6    SW   0.27   4.8   WNW    9.8    9.8    9.2  1013.0   0.0   0.0    230     424     ---    ---   0.059   0.000   19.9    60   11.9   19.9  0.00   1.1881   227    0    94.6    10
17/02/22  13:40    9.8    9.8    9.7    90    8.2   3.2   ESE   0.53   8.0   ESE    9.8    9.8    8.6  1012.8   0.0   0.0    135     176     ---    ---   0.059   0.000   19.9    59   11.6   19.9  0.00   1.1882   226    0    94.2    10
